RDA2
A
2
197121
131840
1026
1
262153
10
mmm_mining
66329
1026
1
262153
7
formula
774
1026
1
262153
5
class
16
1
262153
7
formula
1026
1
262153
12
.Environment
253
254
1
262153
1
~
2
1
262153
5
value
2
1
262153
1
.
254
1026
1
262153
5
model
16
1
262153
4
mlpe
1026
1
262153
4
task
16
1
262153
3
reg
1026
1
262153
4
mpar
531
2
14
1
4
14
1
3
1026
1
262153
5
names
16
2
262153
4
size
262153
2
nr
254
1026
1
262153
10
attributes
13
8
1
2
3
4
5
6
7
8
1026
1
262153
5
scale
16
1
262153
3
all
1026
1
262153
9
transform
16
1
262153
4
none
1026
1
262153
7
created
16
1
262153
19
2015-10-05\04016:26:28
1026
1
262153
4
time
526
1
0.04499999999961801
1026
3071
16
1
262153
7
elapsed
254
1026
1
262153
6
object
531
6
19
3
787
18
14
3
7
4
1
13
1
13
14
14
0
0
0
0
0
0
0
0
0
8
16
24
32
37
14
37
0
1
2
3
4
5
6
7
0
1
2
3
4
5
6
7
0
1
2
3
4
5
6
7
0
1
2
3
4
5
6
7
0
8
9
10
11
14
1
12
14
1
0
10
1
0
10
1
0
10
1
0
14
1
15.96269486854929
14
37
-8.023650042870626
2.190707558069525
6.68578397619777
3.896275740622415
-0.2852724831139605
7.863791495862813
-1.923063998596282
1.081369228364677
9.293180007216378
-10.41363751759133
11.91440960321329
10.82766346745207
4.243346116803381
-28.14652882603274
3.015623470544577
5.801971897947622
1.875749521463409
-39.77806460815154
0.860783647667042
-1.559281155802706
43.02748648054855
-4.655586554087245
3.47175597409514
-1.04346742274367
0.1136646028323976
-0.7176398595528948
0.9907020163886757
-3.517938031104752
3.718646634312367
1.242986317431039
-11.72532113397343
9.197973638166639
1.476865560459219
0.1756111808500487
-0.4622385446371799
-2.038476255714329
0.3893238029669656
13
1
1
526
296
1.21491702344324
-0.5432435043665034
0.9871491988873593
1.037449645540237
-0.8046470328464104
-0.7736070591814458
-0.7860694416030289
1.159076545159997
1.317265971263469
1.070019832558888
-0.793538712870918
-0.6569861910863057
1.233622938658663
-0.6227041234751636
-0.9485550497885283
-0.8848723424780832
-0.6958175542617874
-0.8119436050918761
-0.6420385657421985
1.094031304105169
-0.6307987851560142
-0.8087168655069755
-0.2367530488073573
-0.3694609482551898
1.785228744930964
-0.6342327282668013
1.420654937544368
-0.2078768881355393
-0.7424174289708385
1.026450261481781
0.7997427477997771
-0.6161044777314461
-0.6333158405349897
-0.664669709787207
-0.985198613521034
-0.6335000223692244
1.086531341008081
1.401443115966597
-0.9222959840179801
-0.9702030664670005
-0.8144922603154721
-0.9259000261484193
1.208479505392408
1.132816310747296
-0.8637136479730354
-0.388515397314492
-0.6550134955639557
-0.6343051871335827
-0.7996126515484617
1.677125121330417
1.332884941109607
1.103923483342333
-0.8120373185413596
-0.8075172675341447
1.417957075703992
0.842165144963942
-0.6986402954894897
-0.8014736811107086
1.235035549264739
-0.9189365635456662
1.114815434475094
-0.6336695352151449
0.393355202184901
1.661471966974353
1.357846202621248
1.275382139400689
1.480908296000228
-0.8697355506348036
-0.08963111350846251
1.294944335659979
-0.7396135907410983
-0.8718649537013338
-0.7902813311233509
-0.7932134037788994
-0.5111277330527204
-0.8948256878515526
1.025761982448131
-0.8934429948005316
-0.8491651081491038
1.206933380324873
0.9372708879565455
0.04023093503056217
-0.6611470999111022
-0.7637268388240559
-0.9149269719625472
-0.9174630012389969
0.5598465046673715
0.6492913514928853
-0.05912507190736721
1.288328213507115
1.14021339410441
1.424666360853596
-0.8045887752676111
-0.5214114886185449
-0.6438322382178351
1.277896026974375
1.44467385246133
1.670582468356553
-0.7411239100847398
-0.7888744738020701
-0.9772441782446842
-0.7921430296925722
1.038122108922236
-0.3706446417194355
-0.7895403438558274
1.721045424358234
-0.8029192769994609
1.268547297491147
-0.792706575485253
-0.7041524942503057
-0.944762249809785
1.013658303772852
-0.1868313373163991
-0.7767992836410021
-0.0452309267247053
1.139123369802511
1.206026483696267
1.29995825519563
1.630904553740619
1.059069938625015
-0.5146332953494395
1.239802414254176
-0.794925807243934
-0.9451967653408979
1.125164282017039
-0.8763110100473571
-0.681525595962812
-0.6758575679233405
-0.9687434514534962
-0.8989198451599788
-0.5275919009340815
-0.1878746560498161
-0.9502997193541568
1.49664225672139
0.8259992312454201
1.094488306701952
-0.8241844706160277
1.385027517727462
-0.8156981956079014
1.555292878017228
-0.9255920631841017
-0.4346647771938603
-0.7613219356964906
-0.6196643121185242
-0.6260298294769688
1.52707264497564
0.9852655391722885
-0.6496879251603014
1.54489503668663
-0.7491757382090056
-0.8692133124056104
-0.634361780452614
-0.8406991292182573
-0.9216749572853242
-0.702774401840139
1.386073337198759
-0.9868334222598831
1.432816391466141
-0.8961020319536597
1.284610396165563
1.163093709431877
1.143956518111992
-0.929093576113728
1.6345609589236
-0.9279716927213043
1.113378853542859
-0.5639810639370658
-0.6883062724547429
-0.8343477451450629
0.231285853352339
-0.7630450185516775
-0.6934647284228461
1.052018232041184
1.521506511240494
1.747813622278434
-0.7459800685084894
1.673054317708581
1.50510110557777
0.9710791760475797
0.9672834710720465
-0.7389638573163098
-0.7831612195002444
1.328916146850954
-0.982686701281519
-0.9010440283052478
-0.8489752638509818
-0.9330651296800127
1.213636197368942
-0.8445181398114731
-0.7452753475649829
0.8564471163722941
0.2699260530082961
1.054129141944469
-0.8887642921343359
1.834355222572683
-0.6332184360628587
-0.8564771371753853
1.541914212770719
1.809739329426399
-0.7970530332918914
-0.8278618477904874
-0.7620171989179779
-0.8040156185114622
-0.5255070406749367
1.089548445481511
-0.9718463162796105
-0.8085241034813184
-0.7707106506920779
-0.622415967852982
-0.862039136083139
-0.7798384109804541
-0.6325695924840591
-0.6530084300975875
-0.7746416781666788
1.348940209519626
1.253732511021391
-0.8080540360444558
-0.8168227729162448
1.05457574547296
-0.8255558346606605
0.673664771342893
0.1341488593356344
-0.6865305230372352
-0.9255321789082509
1.126018542608192
-0.7591949011419998
-0.6335165372833277
-0.7701148328956913
1.098370533787682
-0.6811535652625353
0.7234151328212955
-0.8416314754028753
1.554624962871566
-0.3060286638437739
-0.8208029836374671
-0.1628019240375161
-0.8483960595072815
1.223838837668583
-0.7872426678374755
0.313702957904971
0.2295045314886441
1.393113535158418
-0.8592861744580584
-0.9130295631939352
-0.7681546601222725
-0.8857123750484451
-0.8073326415709994
-0.8755627595741806
1.210052801208485
-0.9257791867907846
1.362924152322941
-0.7350014640860454
1.308478055743954
-0.7405329647078177
-0.7327576930245088
-0.865227503221918
0.7383331097383552
-0.6422501714700568
0.9788293661847317
1.303680621306545
-0.8257147706782788
-0.7805871558832579
-0.4614800378963897
1.203200405245827
0.08836662919526361
-0.755692374723355
1.38258770424405
-0.8249864262447952
-0.9269081614898375
1.354498370480464
-0.6303069435692155
-0.8325867455913423
-0.6292546740385123
-0.7616193430643227
-0.6356775220665574
-0.9694995007406867
-0.8201371271392377
-0.6432703584452799
1.755377067981023
-0.5560431633666447
1.883890395279841
1.557598555542936
0.829267363157884
-0.8559904610666152
-0.7286409204592081
-0.8619794837706458
-0.722295310440894
-0.8514426466116652
-0.9386912773571274
-0.8459322171449362
0.578228312843553
-0.3119264033247739
-0.5632770538075417
0.8936616529874953
1.748588938088757
-0.7880485718742072
1026
1
262153
3
dim
13
2
296
1
1026
1
262153
8
dimnames
19
2
16
296
262153
3
321
262153
3
389
262153
3
338
262153
3
392
262153
3
202
262153
2
74
262153
3
143
262153
3
224
262153
3
319
262153
3
432
262153
2
16
262153
2
67
262153
3
437
262153
1
1
262153
3
169
262153
3
199
262153
3
167
262153
3
173
262153
2
77
262153
3
406
262153
3
193
262153
3
139
262153
3
409
262153
3
299
262153
3
272
262153
3
164
262153
3
293
262153
3
228
262153
2
95
262153
3
441
262153
3
330
262153
1
3
262153
2
78
262153
3
281
262153
3
153
262153
3
149
262153
3
356
262153
3
369
262153
3
252
262153
2
55
262153
3
317
262153
3
174
262153
3
374
262153
3
311
262153
3
105
262153
3
129
262153
2
25
262153
2
18
262153
2
22
262153
3
248
262153
3
381
262153
3
326
262153
3
124
262153
2
84
262153
3
287
262153
3
195
262153
3
284
262153
2
32
262153
3
431
262153
2
92
262153
3
305
262153
3
100
262153
3
378
262153
3
290
262153
3
403
262153
3
442
262153
3
360
262153
2
57
262153
3
227
262153
3
423
262153
3
259
262153
3
190
262153
3
140
262153
3
125
262153
3
398
262153
3
230
262153
3
355
262153
3
242
262153
3
188
262153
3
426
262153
3
318
262153
3
367
262153
1
4
262153
1
7
262153
2
53
262153
3
110
262153
3
297
262153
3
180
262153
3
391
262153
3
397
262153
3
415
262153
3
357
262153
2
28
262153
3
212
262153
3
251
262153
3
358
262153
3
407
262153
3
261
262153
2
34
262153
3
138
262153
3
102
262153
3
213
262153
3
335
262153
3
352
262153
3
178
262153
3
307
262153
3
217
262153
3
419
262153
2
85
262153
2
73
262153
3
205
262153
3
400
262153
3
349
262153
3
127
262153
3
264
262153
3
422
262153
3
324
262153
3
425
262153
3
363
262153
3
401
262153
3
182
262153
3
429
262153
2
29
262153
3
221
262153
3
418
262153
3
257
262153
3
302
262153
2
60
262153
2
89
262153
3
245
262153
2
11
262153
3
211
262153
3
255
262153
3
207
262153
3
294
262153
3
421
262153
3
216
262153
3
383
262153
2
30
262153
3
396
262153
3
160
262153
3
314
262153
2
66
262153
3
191
262153
2
45
262153
3
288
262153
3
359
262153
3
148
262153
3
274
262153
3
111
262153
3
244
262153
3
165
262153
3
234
262153
3
103
262153
2
61
262153
3
445
262153
3
198
262153
3
372
262153
3
243
262153
3
428
262153
3
342
262153
3
387
262153
3
241
262153
3
370
262153
3
107
262153
3
346
262153
3
278
262153
2
49
262153
3
232
262153
3
379
262153
3
267
262153
2
52
262153
3
343
262153
3
380
262153
3
292
262153
3
203
262153
3
395
262153
3
247
262153
3
344
262153
3
322
262153
3
301
262153
3
109
262153
3
408
262153
2
68
262153
3
254
262153
3
285
262153
2
91
262153
3
354
262153
2
42
262153
2
41
262153
3
328
262153
3
226
262153
3
413
262153
2
79
262153
3
306
262153
1
2
262153
2
69
262153
3
289
262153
3
291
262153
3
113
262153
3
145
262153
3
218
262153
2
31
262153
3
300
262153
3
385
262153
3
184
262153
2
23
262153
2
17
262153
3
132
262153
3
154
262153
2
70
262153
3
163
262153
2
88
262153
3
268
262153
3
295
262153
3
384
262153
2
75
262153
3
122
262153
3
439
262153
2
39
262153
3
399
262153
3
225
262153
2
21
262153
3
119
262153
3
430
262153
3
157
262153
3
266
262153
2
96
262153
3
345
262153
3
130
262153
3
303
262153
3
123
262153
3
271
262153
3
298
262153
3
156
262153
3
331
262153
3
206
262153
3
433
262153
2
98
262153
3
333
262153
3
313
262153
3
273
262153
3
185
262153
3
159
262153
3
126
262153
3
136
262153
3
187
262153
3
106
262153
3
434
262153
3
155
262153
3
438
262153
3
219
262153
3
362
262153
2
50
262153
3
168
262153
3
161
262153
3
327
262153
2
35
262153
3
376
262153
3
405
262153
3
176
262153
3
152
262153
3
410
262153
3
329
262153
3
332
262153
2
15
262153
3
194
262153
3
142
262153
3
177
262153
3
382
262153
2
26
262153
2
56
262153
2
27
262153
3
172
262153
3
128
262153
3
197
262153
2
94
262153
1
5
262153
3
308
262153
3
377
262153
3
223
262153
3
309
262153
3
435
262153
3
189
262153
3
265
262153
3
215
262153
3
315
262153
3
201
262153
2
80
262153
2
81
262153
3
276
262153
3
334
262153
2
10
262153
3
263
262153
3
270
262153
2
43
254
254
526
296
-0.02197698637541889
-0.4501173564246342
0.2964147095943057
0.585953780743339
-0.04145003689723292
-0.01018609896517919
0.07024418701678548
-0.2606640901871644
-0.254597749353046
0.3098319392999846
-0.04689436490935872
-0.06450305546330259
0.1745487930170351
0.21273443491064
0.1364419318250775
-0.02352863886257672
0.0876081469794826
0.1017823424689974
-0.06245870491731531
0.1612126445596704
0.3397729278221591
0.1098835868108282
-0.5980160370095546
-0.1594525715400021
-0.08819342312364209
0.2185990477389129
-0.03513917372213093
-0.2870526798794619
-0.1999675041500122
0.4950013094612209
-0.07691404369126498
-0.03741686525778087
0.1270582885932571
-0.2040833278098957
-0.00249825530673875
0.05361057490374554
-0.02952711106102268
0.4938319245585063
-0.3316085070879553
0.1127780127966275
0.2176108369598969
0.2383947313790017
0.2563321459169423
0.06012372632052498
-0.1409751967448318
0.2051053872845756
-0.2477234938133394
-0.1381599870863126
0.04413945321866264
-0.2916093575081793
0.1489186860898393
-0.3414468354902653
0.05656412021156054
-0.01025984239267275
0.05818255953208773
-0.1986323283425427
-0.2097606858511702
0.006352539037352223
-0.002447568453361137
0.1068234455822153
0.09511657848282296
0.1217479913100475
-0.2935656140465585
0.007243395016143239
0.06731750494454691
0.1667735440552005
0.0178873070893133
0.08594239248817859
-0.003155025107611384
0.2208432433196577
-0.004531623661971018
0.1900236508952809
0.1141040202806629
-0.0188997141845515
-0.5105530875552431
-0.1665030764999664
-0.2689493265594279
-0.2245256891846392
0.14466783748959
0.1389344397538093
-0.2087781918846685
-0.1330170736466361
-0.1509660180523487
0.1271974717249252
-0.01046598526820719
0.1449978270191016
0.259270062818348
-0.3569260366001264
0.2891864752031078
-0.4805396299481249
-0.3494167864355165
-0.1297744684452014
0.04911557693781199
0.01515393667681231
-0.2419127752693638
-0.3001876845144295
0.3373213487964697
-0.120810937596725
-0.1672770712559202
0.04472925939900074
-0.06709261021674029
-0.189889847171834
-0.2869734449968981
0.1589146718726931
-0.005580798217528993
0.08360574475302629
0.03611809474293037
0.2868882252320455
-0.04772650229502373
0.05063115126107876
0.2572569550403674
0.03768193421083987
-0.3307541985520631
-0.1259377057362929
-0.4043867055833755
-0.2237189389395826
0.4117129506239428
-0.1693221297248253
-0.2623807658084758
-0.002065708677956968
0.4954790522571135
0.01544153441066309
0.06210857676759429
0.3030034062784024
-0.0001921485095992548
0.03587793226708036
0.0676521967171424
0.2262399356152597
-0.1322332566415801
0.1717666066470056
-0.1599133938353361
0.7747675530375635
0.06455470586695788
0.4892566552175559
0.4179167334926879
-0.2583797633261364
-0.07288852679790081
0.06279215769179181
0.07721697316819676
-0.4926246561068055
0.2324227764513193
0.07567101629962369
-0.1187590858273434
-0.0735049746142582
0.2217241328758101
0.1473067089782212
-0.1321650199063783
-0.07746531335267182
-0.02910745770699297
-0.06860137171781178
0.06842817836888915
0.4226318106058717
0.2211617380092211
-0.1566457829562911
0.04358906688754727
0.141042225707608
0.03312050521230281
0.1112911473303215
0.03301298631992189
-0.4088539090461913
-0.502568916920381
0.3605030769409139
-0.09825123645760026
-0.2263892272479013
0.05355466316083513
-0.5378139404818408
0.7543945234892508
-0.2993905963730299
0.1411784584122805
-0.4826637669426385
-0.1736759226058083
-0.01103254223666772
-0.2668856163356552
0.1245528828965412
0.0568375468328266
0.01316283803214968
-0.2082426663992307
0.04467042518205777
-0.2765704317558935
0.7863917703689275
0.07977852236371807
0.06167197295063609
0.03394364911782266
0.1479176154646071
-0.1602847360462712
-0.03676974963621715
-0.04896774718439356
-0.2302638629456324
0.03240502184802219
-0.04418180254500859
0.126925218051016
0.04509522973792218
-0.2576685423122103
-0.1385805204369923
0.242167560780107
-0.06561484263328865
0.07268397902876034
0.2967209081207325
0.2384634941095654
-0.06603601234184642
0.06106066553395695
0.03486396040500472
-0.00243350748862381
-0.03172643893708116
0.2619833665605351
-0.07249047218181404
0.01906695337132691
-0.115034362795121
-0.257665053670852
-0.1426497086347283
-0.009618739129537368
-0.003959774615071576
-0.1817606557193244
-0.1111033353205201
0.01958357841251668
-0.202392273037699
-0.1230029131496652
0.1463094540369234
0.2629721147888957
0.036098684550669
0.7061870005159795
0.4527440376521131
-0.02363073958564355
-0.02818073813932942
-0.06901431266113445
0.04903363851912113
-0.1106286771197417
-0.053326268994491
-0.4265177573494572
0.1918879892108989
0.4921808720999864
0.09748626099980595
0.2273702383862335
-0.115269008647481
0.08798575316112733
0.0133758657877904
0.2062027004447859
0.07105305473981205
-0.16080625724674
-0.123289498352786
0.465004212803042
0.1566579956014098
0.03584507256787617
0.2085322925344214
-0.06661442569463938
-0.0396805821823093
0.00654750753427813
-0.1008061253268608
-0.1530485712614276
0.2099539322045412
-0.1020162116947372
0.01351221753643705
-0.2344818499068018
-0.1905239844863033
-0.1020113927924031
0.1324102727455783
0.1204314014909216
-0.1472069786399347
0.02719893609203938
0.3537067567572216
0.1325454839454964
-0.03152596208019298
-0.3336411041769666
-0.2594760145660725
-0.1868167597747024
-0.0450927593133662
-0.3425754501870877
0.1034971796951869
0.256394842610516
-0.1955422851928339
-0.1025102869071243
0.0204736276278914
-0.09789856447446088
0.05145808044144395
-0.03483579681276405
-0.02952535201381579
0.05899993684607208
-0.1348588077379802
0.1172420046906189
-0.2390779787067117
0.2379443237798695
-0.04181097656329902
0.2787127944594594
0.1798131502239273
-0.4572956670863457
-0.2106772645076045
0.08576594334176335
-0.07961430258245572
0.013298320126373
-0.03414880437889789
-0.5010946925586716
0.6382756699977236
-0.2261800963024498
-0.8391840005560749
-0.01756966450124442
-0.05804849786943611
1026
4863
13
2
296
1
1026
5119
19
2
16
296
262153
3
321
262153
3
389
262153
3
338
262153
3
392
262153
3
202
262153
2
74
262153
3
143
262153
3
224
262153
3
319
262153
3
432
262153
2
16
262153
2
67
262153
3
437
262153
1
1
262153
3
169
262153
3
199
262153
3
167
262153
3
173
262153
2
77
262153
3
406
262153
3
193
262153
3
139
262153
3
409
262153
3
299
262153
3
272
262153
3
164
262153
3
293
262153
3
228
262153
2
95
262153
3
441
262153
3
330
262153
1
3
262153
2
78
262153
3
281
262153
3
153
262153
3
149
262153
3
356
262153
3
369
262153
3
252
262153
2
55
262153
3
317
262153
3
174
262153
3
374
262153
3
311
262153
3
105
262153
3
129
262153
2
25
262153
2
18
262153
2
22
262153
3
248
262153
3
381
262153
3
326
262153
3
124
262153
2
84
262153
3
287
262153
3
195
262153
3
284
262153
2
32
262153
3
431
262153
2
92
262153
3
305
262153
3
100
262153
3
378
262153
3
290
262153
3
403
262153
3
442
262153
3
360
262153
2
57
262153
3
227
262153
3
423
262153
3
259
262153
3
190
262153
3
140
262153
3
125
262153
3
398
262153
3
230
262153
3
355
262153
3
242
262153
3
188
262153
3
426
262153
3
318
262153
3
367
262153
1
4
262153
1
7
262153
2
53
262153
3
110
262153
3
297
262153
3
180
262153
3
391
262153
3
397
262153
3
415
262153
3
357
262153
2
28
262153
3
212
262153
3
251
262153
3
358
262153
3
407
262153
3
261
262153
2
34
262153
3
138
262153
3
102
262153
3
213
262153
3
335
262153
3
352
262153
3
178
262153
3
307
262153
3
217
262153
3
419
262153
2
85
262153
2
73
262153
3
205
262153
3
400
262153
3
349
262153
3
127
262153
3
264
262153
3
422
262153
3
324
262153
3
425
262153
3
363
262153
3
401
262153
3
182
262153
3
429
262153
2
29
262153
3
221
262153
3
418
262153
3
257
262153
3
302
262153
2
60
262153
2
89
262153
3
245
262153
2
11
262153
3
211
262153
3
255
262153
3
207
262153
3
294
262153
3
421
262153
3
216
262153
3
383
262153
2
30
262153
3
396
262153
3
160
262153
3
314
262153
2
66
262153
3
191
262153
2
45
262153
3
288
262153
3
359
262153
3
148
262153
3
274
262153
3
111
262153
3
244
262153
3
165
262153
3
234
262153
3
103
262153
2
61
262153
3
445
262153
3
198
262153
3
372
262153
3
243
262153
3
428
262153
3
342
262153
3
387
262153
3
241
262153
3
370
262153
3
107
262153
3
346
262153
3
278
262153
2
49
262153
3
232
262153
3
379
262153
3
267
262153
2
52
262153
3
343
262153
3
380
262153
3
292
262153
3
203
262153
3
395
262153
3
247
262153
3
344
262153
3
322
262153
3
301
262153
3
109
262153
3
408
262153
2
68
262153
3
254
262153
3
285
262153
2
91
262153
3
354
262153
2
42
262153
2
41
262153
3
328
262153
3
226
262153
3
413
262153
2
79
262153
3
306
262153
1
2
262153
2
69
262153
3
289
262153
3
291
262153
3
113
262153
3
145
262153
3
218
262153
2
31
262153
3
300
262153
3
385
262153
3
184
262153
2
23
262153
2
17
262153
3
132
262153
3
154
262153
2
70
262153
3
163
262153
2
88
262153
3
268
262153
3
295
262153
3
384
262153
2
75
262153
3
122
262153
3
439
262153
2
39
262153
3
399
262153
3
225
262153
2
21
262153
3
119
262153
3
430
262153
3
157
262153
3
266
262153
2
96
262153
3
345
262153
3
130
262153
3
303
262153
3
123
262153
3
271
262153
3
298
262153
3
156
262153
3
331
262153
3
206
262153
3
433
262153
2
98
262153
3
333
262153
3
313
262153
3
273
262153
3
185
262153
3
159
262153
3
126
262153
3
136
262153
3
187
262153
3
106
262153
3
434
262153
3
155
262153
3
438
262153
3
219
262153
3
362
262153
2
50
262153
3
168
262153
3
161
262153
3
327
262153
2
35
262153
3
376
262153
3
405
262153
3
176
262153
3
152
262153
3
410
262153
3
329
262153
3
332
262153
2
15
262153
3
194
262153
3
142
262153
3
177
262153
3
382
262153
2
26
262153
2
56
262153
2
27
262153
3
172
262153
3
128
262153
3
197
262153
2
94
262153
1
5
262153
3
308
262153
3
377
262153
3
223
262153
3
309
262153
3
435
262153
3
189
262153
3
265
262153
3
215
262153
3
315
262153
3
201
262153
2
80
262153
2
81
262153
3
276
262153
3
334
262153
2
10
262153
3
263
262153
3
270
262153
2
43
254
254
6
1
262153
12
nnet.formula
1026
767
1
262153
1
x
1026
1
262153
4
data
5887
5122
1
262153
4
size
6143
5122
1
262153
5
trace
10
1
0
5122
1
262153
4
skip
6655
5122
1
262153
6
linout
1
262153
6
LINOUT
254
774
1026
1
262153
9
variables
6
1
262153
4
list
2
1791
2
1
262153
5
band1
2
1
262153
5
band2
2
1
262153
5
band3
2
1
262153
5
band4
2
1
262153
5
band5
2
1
262153
5
band6
2
1
262153
5
band7
254
1026
1
262153
7
factors
525
56
0
1
0
0
0
0
0
0
0
0
1
0
0
0
0
0
0
0
0
1
0
0
0
0
0
0
0
0
1
0
0
0
0
0
0
0
0
1
0
0
0
0
0
0
0
0
1
0
0
0
0
0
0
0
0
1
1026
4863
13
2
8
7
1026
5119
19
2
16
8
262153
5
value
262153
5
band1
262153
5
band2
262153
5
band3
262153
5
band4
262153
5
band5
262153
5
band6
262153
5
band7
16
7
262153
5
band1
262153
5
band2
262153
5
band3
262153
5
band4
262153
5
band5
262153
5
band6
262153
5
band7
254
1026
1
262153
11
term.labels
16
7
262153
5
band1
262153
5
band2
262153
5
band3
262153
5
band4
262153
5
band5
262153
5
band6
262153
5
band7
1026
1
262153
5
order
13
7
1
1
1
1
1
1
1
1026
1
262153
9
intercept
13
1
1
1026
1
262153
8
response
13
1
1
1026
1023
16
2
262153
5
terms
262153
7
formula
1026
1279
253
1026
1
262153
8
predvars
6
7679
2
1791
2
7935
2
8191
2
8447
2
8703
2
8959
2
9215
2
9471
254
1026
1
262153
11
dataClasses
528
8
262153
7
numeric
262153
7
numeric
262153
7
numeric
262153
7
numeric
262153
7
numeric
262153
7
numeric
262153
7
numeric
262153
7
numeric
1026
3071
16
8
262153
5
value
262153
5
band1
262153
5
band2
262153
5
band3
262153
5
band4
262153
5
band5
262153
5
band6
262153
5
band7
254
254
1535
2
1791
2
6
1
262153
1
+
2
6
11519
2
6
11519
2
6
11519
2
6
11519
2
6
11519
2
7935
2
8191
254
2
8447
254
2
8703
254
2
8959
254
2
9215
254
2
9471
254
254
16
7
262153
5
band1
262153
5
band2
262153
5
band3
262153
5
band4
262153
5
band5
262153
5
band6
262153
5
band7
531
0
1026
3071
16
0
254
1026
3071
16
18
262153
1
n
262153
6
nunits
262153
5
nconn
262153
4
conn
262153
7
nsunits
262153
5
decay
262153
7
entropy
262153
7
softmax
262153
8
censored
262153
5
value
262153
3
wts
262153
11
convergence
262153
13
fitted.values
262153
9
residuals
262153
4
call
262153
5
terms
262153
9
coefnames
262153
7
xlevels
1026
1023
16
2
262153
12
nnet.formula
262153
4
nnet
254
787
18
14
3
7
4
1
13
1
13
14
14
0
0
0
0
0
0
0
0
0
8
16
24
32
37
14
37
0
1
2
3
4
5
6
7
0
1
2
3
4
5
6
7
0
1
2
3
4
5
6
7
0
1
2
3
4
5
6
7
0
8
9
10
11
14
1
12
14
1
0
10
1
0
10
1
0
10
1
0
14
1
19.97055303134889
14
37
6.607639321635554
4.89370591842448
3.069548594887606
13.10611248063969
7.674566810013623
-8.228375998166181
-0.3547175685093201
-2.554548638830672
8.450177130931174
10.15757660438176
6.100714888659851
7.968751472915885
14.12987184112627
-13.63192598513512
-0.4698394325490962
-3.222312198721004
1.745338068330217
-35.33623664864172
1.446277367635998
-0.7837041708362709
37.8424261139151
-5.675327379638245
4.405182259187603
-1.767285638659592
9.001948104564223
4.59518530667188
-4.597908637718453
-3.900027624922604
-1.663494775682884
5.142038627727439
-2.471807357289242
0.3058010726581165
-1.895746545335157
3.811271742638256
-3.717682708530725
-2.358977157707731
3.363651203589137
13
1
1
526
296
1.361757309967754
-0.6053279273525107
1.01878152334469
0.9064940015265446
-0.773324824075126
-0.775527637767579
-0.7811765191667996
1.174196750038977
1.358122209586849
1.139698732209196
-0.8107068929435663
-0.7361842252747661
1.484828371322434
-0.771872295884271
-0.7692387592277332
-0.7647815578370221
-0.859861693737114
-0.7393449723202092
-0.7866237349940222
1.445842639119256
-0.7843272789788127
-0.7658483524351771
-0.2500572051821521
-0.7790949164915584
1.88163507101701
-0.7972921756795204
1.219960085058257
-0.1710795882413518
-0.7359923495248184
0.9984206973877381
0.8111157677368093
-0.7562166620457424
-0.794989765272863
-0.5808588952554938
-0.7703464622309344
-0.796335461006056
0.9525976738284938
1.438969488489663
-0.7361075021657615
-0.7934223106934493
-0.8956996122177121
-0.751337384582472
1.281458727093856
1.028069404899189
-0.7835759064557584
-0.4083362018530288
-0.8024560331853494
-0.7967241141851824
-0.8166992790553964
1.383309202906133
1.435378870209832
1.12614206664377
-0.7638764844318069
-0.7639043548605673
1.362108231080398
0.9178872612010167
-0.6818290969808576
-0.8229778686586644
1.30824292605738
-0.7821191632206284
1.275528055392675
-0.7968854272252703
0.3184086258326202
1.368962790725268
1.490986274494653
1.210658414574422
1.416304385359895
-0.7833422697158454
-0.08725465425190704
1.288584331050921
-0.8014474022495719
-0.7783936013110706
-0.8541774624726197
-0.7499424343082834
-0.5597199550626444
-0.7759815470729468
1.058129779364955
-0.8550076784084579
-0.8302677452752678
1.256846493800531
0.9770204524481434
-0.02288659935423443
-0.8594961928427876
-0.6183697959269114
-0.78772101674405
-0.7874537128626251
0.6243238170224399
0.6266464277459485
-0.2970814390039282
1.34436841113701
1.377510527253578
1.491449648228381
-0.8000297534277623
-0.5469162433412431
-0.5926269775206459
1.362781387688195
1.431144981411794
1.412537501593285
-0.7901929034370463
-0.8105108522030999
-0.7643174482921249
-0.7695432089191425
1.019516014164311
-0.5530595611534026
-0.7833250939645047
1.416283415257597
-0.7647182270411208
1.345030749086243
-0.7676211955870844
-0.7439336341967642
-0.7810493613010552
1.319593300875426
-0.06558409072353388
-0.7530918366139288
0.0917936419869152
1.416651225855103
1.259851132811265
1.349232306866365
1.410936063750346
1.090123078893177
-0.6085751022220935
1.250215327774648
-0.7603754498197208
-0.7766392079336382
1.439890534270625
-0.7485007051833872
-0.7476811745157552
-0.7699585466884993
-0.7974089311040009
-0.7785181542547819
-0.8076246993510336
-0.1444013822675116
-0.74840846974717
1.557735506105429
0.7366571570667952
1.186522579418599
-0.7498521916518364
1.367058525406359
-0.8228734818940175
1.327583910189724
-0.7679496604165323
-0.7247610195973735
-0.7503601664877677
-0.7375803499872382
-0.7917966015124591
1.584312239389187
0.9476205185681357
-0.7888231331050894
1.308669374254886
-0.7114768431276661
-0.7742135025781796
-0.7972458272586529
-0.7521136160844972
-0.7660318305949603
-0.7662831189174071
1.36529444594443
-0.7792314709004211
1.310678588137865
-0.7778599123732293
1.333483466271
1.218825019828336
1.135505672007237
-0.8024707415897172
1.409921503456419
-0.7829961574305351
1.443250470164067
-0.2784782651175339
-0.7610774659864172
-0.7814943054534451
0.2174423177554075
-0.743966646402018
-0.757133863419754
1.103105285267142
1.485304350182449
1.43263694097186
-0.7547312672844693
1.431477624013394
1.186639395538637
0.8019219727041809
0.9991392399335561
-0.6867502435719421
-0.7885612853211272
1.333221224703686
-0.7999374903195431
-0.7184549445877342
-0.7603394611007888
-0.7946986080118359
1.133552187388292
-0.7806173735659603
-0.7897837744569522
0.8485112318702646
0.2643423837823233
0.9655470679224214
-0.7878309417065847
2.048159904783812
-0.9544832037099327
-0.7745475094897709
1.532168194146932
1.520191405427348
-0.7518365911727583
-0.7680281196489771
-0.7636511978519036
-0.8024196118539297
-0.8352748092066604
1.389855984999238
-1.018140086699256
-0.8083254444828722
-0.7999303588346436
-0.6241868174776939
-0.7795140240747487
-0.7845143082031476
-0.7941472002658072
-0.7954337670285279
-0.777489174893486
1.258712133536892
1.354281220070467
-0.787804800331342
-0.7776079167279213
1.201326174889334
-0.8053622876364352
0.5814037103033649
0.1480068658691645
-0.8171538249008763
-0.7848290229254387
1.045272630407666
-0.7286175285853864
-0.7814052765140378
-0.7633957156616789
1.13582362214116
-0.6672088197107136
1.188577772586645
-0.8028435777764367
1.635021560352326
-0.6019845815314944
-0.7419531148406597
-0.3789557702342439
-0.7828360846946358
1.103081020928064
-0.7603737633882774
0.1967925571336209
0.4620523860173216
1.262549548670565
-0.8718374079023681
-0.7638817429949376
-0.7477938808883082
-0.774269948139406
-0.7787815624627559
-0.7874053713562463
1.319656894581485
-0.8244868562685657
1.496261159863537
-0.7544308544193399
1.288606753590886
-0.7489250118012825
-0.7320966680040888
-0.7897325444029346
0.7684245594849006
-0.7986878356089044
0.9492401342582815
1.365039460530614
-0.7280443058842501
-0.8089828621444002
-0.704879425655617
1.262486128551185
0.08688276711160636
-0.8114463188686827
1.465077428405752
-0.9936785154588339
-0.7624992373583179
1.40029999334234
-0.7947200724731496
-0.8069544542001572
-0.7923757194489527
-0.7353798669547138
-0.796918222742637
-0.7708991851504634
-0.7823869845360254
-0.7974281720624128
1.400887654171268
-0.6108710913033737
1.559243747202861
1.400765264126984
1.039712739913842
-0.7460845597850363
-0.7660938103078854
-0.7691131474282984
-0.6357678268254645
-0.777023141761807
-0.8832675263873493
-0.7948655669242668
0.7353274956489559
-0.4060471145728499
-0.7516033758088869
0.8550170016992733
1.344458595073131
-0.7849739517452932
1026
4863
13
2
296
1
1026
5119
19
2
16
296
262153
3
321
262153
3
389
262153
3
338
262153
3
392
262153
3
202
262153
2
74
262153
3
143
262153
3
224
262153
3
319
262153
3
432
262153
2
16
262153
2
67
262153
3
437
262153
1
1
262153
3
169
262153
3
199
262153
3
167
262153
3
173
262153
2
77
262153
3
406
262153
3
193
262153
3
139
262153
3
409
262153
3
299
262153
3
272
262153
3
164
262153
3
293
262153
3
228
262153
2
95
262153
3
441
262153
3
330
262153
1
3
262153
2
78
262153
3
281
262153
3
153
262153
3
149
262153
3
356
262153
3
369
262153
3
252
262153
2
55
262153
3
317
262153
3
174
262153
3
374
262153
3
311
262153
3
105
262153
3
129
262153
2
25
262153
2
18
262153
2
22
262153
3
248
262153
3
381
262153
3
326
262153
3
124
262153
2
84
262153
3
287
262153
3
195
262153
3
284
262153
2
32
262153
3
431
262153
2
92
262153
3
305
262153
3
100
262153
3
378
262153
3
290
262153
3
403
262153
3
442
262153
3
360
262153
2
57
262153
3
227
262153
3
423
262153
3
259
262153
3
190
262153
3
140
262153
3
125
262153
3
398
262153
3
230
262153
3
355
262153
3
242
262153
3
188
262153
3
426
262153
3
318
262153
3
367
262153
1
4
262153
1
7
262153
2
53
262153
3
110
262153
3
297
262153
3
180
262153
3
391
262153
3
397
262153
3
415
262153
3
357
262153
2
28
262153
3
212
262153
3
251
262153
3
358
262153
3
407
262153
3
261
262153
2
34
262153
3
138
262153
3
102
262153
3
213
262153
3
335
262153
3
352
262153
3
178
262153
3
307
262153
3
217
262153
3
419
262153
2
85
262153
2
73
262153
3
205
262153
3
400
262153
3
349
262153
3
127
262153
3
264
262153
3
422
262153
3
324
262153
3
425
262153
3
363
262153
3
401
262153
3
182
262153
3
429
262153
2
29
262153
3
221
262153
3
418
262153
3
257
262153
3
302
262153
2
60
262153
2
89
262153
3
245
262153
2
11
262153
3
211
262153
3
255
262153
3
207
262153
3
294
262153
3
421
262153
3
216
262153
3
383
262153
2
30
262153
3
396
262153
3
160
262153
3
314
262153
2
66
262153
3
191
262153
2
45
262153
3
288
262153
3
359
262153
3
148
262153
3
274
262153
3
111
262153
3
244
262153
3
165
262153
3
234
262153
3
103
262153
2
61
262153
3
445
262153
3
198
262153
3
372
262153
3
243
262153
3
428
262153
3
342
262153
3
387
262153
3
241
262153
3
370
262153
3
107
262153
3
346
262153
3
278
262153
2
49
262153
3
232
262153
3
379
262153
3
267
262153
2
52
262153
3
343
262153
3
380
262153
3
292
262153
3
203
262153
3
395
262153
3
247
262153
3
344
262153
3
322
262153
3
301
262153
3
109
262153
3
408
262153
2
68
262153
3
254
262153
3
285
262153
2
91
262153
3
354
262153
2
42
262153
2
41
262153
3
328
262153
3
226
262153
3
413
262153
2
79
262153
3
306
262153
1
2
262153
2
69
262153
3
289
262153
3
291
262153
3
113
262153
3
145
262153
3
218
262153
2
31
262153
3
300
262153
3
385
262153
3
184
262153
2
23
262153
2
17
262153
3
132
262153
3
154
262153
2
70
262153
3
163
262153
2
88
262153
3
268
262153
3
295
262153
3
384
262153
2
75
262153
3
122
262153
3
439
262153
2
39
262153
3
399
262153
3
225
262153
2
21
262153
3
119
262153
3
430
262153
3
157
262153
3
266
262153
2
96
262153
3
345
262153
3
130
262153
3
303
262153
3
123
262153
3
271
262153
3
298
262153
3
156
262153
3
331
262153
3
206
262153
3
433
262153
2
98
262153
3
333
262153
3
313
262153
3
273
262153
3
185
262153
3
159
262153
3
126
262153
3
136
262153
3
187
262153
3
106
262153
3
434
262153
3
155
262153
3
438
262153
3
219
262153
3
362
262153
2
50
262153
3
168
262153
3
161
262153
3
327
262153
2
35
262153
3
376
262153
3
405
262153
3
176
262153
3
152
262153
3
410
262153
3
329
262153
3
332
262153
2
15
262153
3
194
262153
3
142
262153
3
177
262153
3
382
262153
2
26
262153
2
56
262153
2
27
262153
3
172
262153
3
128
262153
3
197
262153
2
94
262153
1
5
262153
3
308
262153
3
377
262153
3
223
262153
3
309
262153
3
435
262153
3
189
262153
3
265
262153
3
215
262153
3
315
262153
3
201
262153
2
80
262153
2
81
262153
3
276
262153
3
334
262153
2
10
262153
3
263
262153
3
270
262153
2
43
254
254
526
296
-0.1688172728999326
-0.3880329334386269
0.2647823851369746
0.7169094247570313
-0.07277224566851725
-0.008265520379045932
0.06535126458055618
-0.2757842950661451
-0.2954539876764257
0.2401530396496769
-0.02972618483671041
0.01469497872515779
-0.07665663964673541
0.3619026073197474
-0.04287435873571765
-0.1436194235036379
0.2516522864548092
0.02918370969733053
0.08212646433450832
-0.190598690454417
0.4933014216449576
0.06701507373902982
-0.5847118806347598
0.2501813966963664
-0.1845997492096882
0.381658495151632
0.16555567876398
-0.3238499797736494
-0.2063925835960323
0.5230308735552638
-0.08828706362829719
0.1026953190565155
0.2887322133311304
-0.2878941423416088
-0.2173504065968384
0.2164460135405771
0.1044065561185641
0.45630555203544
-0.5177969889401739
-0.06400274297692377
0.298818188862137
0.06383208981305444
0.1833529242154937
0.1648706321686317
-0.2211129382621089
0.2249261918231124
-0.1002809561919457
0.02425893996528705
0.06122608072559732
0.002206560916104383
0.0464247569896139
-0.3636654187917021
0.008403286102007801
-0.05387275506625011
0.1140314041556822
-0.2743544445796174
-0.2265718843598024
0.02785672658530802
-0.07565494524600136
-0.02999395474282252
-0.0655960424347577
0.284963883320173
-0.2186190376942777
0.2997525712652278
-0.06582256692885857
0.2314972688814667
0.08249121772964618
-0.0004508884307795613
-0.005531484364166853
0.227203247928716
0.05730218784650254
0.09655229850501779
0.1780001516299318
-0.06217068365516742
-0.4619608655453191
-0.2853472172785723
-0.3013171234762525
-0.2629610055767129
0.125770474615754
0.08902132627815074
-0.2485277563762665
-0.06989953926183946
0.04738307487933668
-0.01815957117221922
-0.1376719404867044
0.01498853864272975
0.1947927504632796
-0.3342811128531896
0.5271428422996689
-0.5365798275780201
-0.5867139195846846
-0.1965577558199865
0.04455655509796319
0.0406586913995105
-0.2931180359665531
-0.3850730452282501
0.3508502198460053
0.1372340291665433
-0.1182080779036137
0.06636563780003057
-0.2800193401692996
-0.2124896679452637
-0.268367350238973
0.3413295913066603
-0.01179604810885171
0.3883677538536634
-0.002082955215409688
0.2104047736369499
-0.07281188219319235
0.09041229120753724
0.0935440665316376
-0.2682530628917341
-0.4520014451449283
-0.1496451527633663
-0.5414112742949959
-0.5012467949921744
0.357888301508944
-0.2185961813955601
-0.04241227581820328
-0.03311884894611961
0.5894208591297676
0.005028620890191071
0.0275582193433811
0.1344458488711426
-0.3149184007631853
-0.09193237259688958
0.1338077752700856
0.3203409143804185
-0.3035677769910754
0.05136491574180868
0.1201194045816161
0.7312942792552591
-0.1373365437400289
0.4281634058335171
0.5072588076713127
-0.3504140360427836
-0.1472208057620922
0.0807611500128953
0.08439225945431295
-0.2649156882793013
0.0747803736837499
0.3657672587031369
-0.1297208550360663
0.04441106325445576
0.3874909049113004
0.09006711456467431
-0.09451999930222543
0.06166989459211625
0.2071182047247513
-0.1063002667991513
-0.02657163145854169
0.5855158574119106
0.1325762248754611
-0.312288909646655
0.1070977839648154
0.161821116961937
-0.1744814461471592
0.233428950658598
-0.08522913326050852
-0.457726979151629
-0.5583002273168406
0.3689539230456691
-0.2248740709816111
-0.00174977178072111
-0.09142087212993411
-0.8676855571030496
0.468891724669719
-0.2266194028413555
0.08832501872066267
-0.468820231345707
-0.1927542947554678
0.05263659276024013
-0.317972669561613
0.1607550439545866
0.3720142281394012
0.02191403680812953
0.03333402729595658
0.3631321352211909
-0.1074132284124947
0.7545360015074178
0.02756490861935046
0.0670720387715189
0.0296385712650904
-0.03483159549736881
-0.3428738197637848
-0.1254055523864102
-0.1873342688525703
-0.1501798529649823
-0.03149574439749059
0.0003266243469607355
0.1348611025530455
0.05067889896389499
-0.1690864682901629
-0.2395138708647435
0.02836287856897757
0.2556499250137854
-0.009245648656854066
0.3064669267445197
0.5280114181086164
-0.1112524544609795
0.001226937392446614
0.03649795933893041
-0.004029514146156266
0.2780413295946426
-0.0383241729571917
-0.02619670176216893
0.01886829437288073
-0.08581465465255533
-0.2558942040461402
-0.2251748206431186
-0.004942841906843909
0.1576178331666765
-0.03933531878838403
-0.1082558385937129
0.109811654395251
-0.3029409820867759
-0.1432521488627789
0.1070945978485999
0.1162216853725218
0.01590513752644374
0.7984480615555076
0.438886031118583
0.1069925622779976
-0.1688838941221417
0.01173159953939162
0.01845626596250771
0.03726006211096844
-0.06004538622850342
-0.4639708457029346
0.1779432436590772
0.02701823233463707
0.05869836337336731
0.1469736409054734
0.1806869090402395
0.009135884364320002
0.2295297119845182
0.1406427256321403
0.191810871480331
-0.1876751616959381
-0.006379097581435844
0.2324563582743646
0.2872219820892625
0.04839630601218581
0.05938447233542377
-0.08697520492860367
-0.1511230090913485
-0.02200357157396537
-0.1889635135447951
-0.2626526646344276
0.1086616016823222
-0.2353532192353334
0.03294160786973155
-0.2146105477537332
-0.1821319373928385
-0.1026724178128231
0.05691531392659488
0.09033995174437615
0.009230685498912927
0.05678816801848963
0.2923479175331529
0.03487501915146762
-0.003130255819050687
-0.09024171641773937
-0.3187617378714308
-0.1853328976910451
0.01066118483196143
-0.4250651743487901
0.2721892689092256
0.09198591847899651
-0.24134390805471
0.06190284199680984
-0.005158663763293658
0.06522248093597949
0.02521860433183509
0.1264049038633156
-0.2281256676040391
0.02124979424285978
0.01929900587915268
0.4717314185003743
-0.1842500507699827
0.5625909718568498
0.1150223148526528
0.06826741770350142
0.06990724894234834
-0.4198427772376685
-0.3035436008499519
-0.0007615402736661503
-0.154033807432314
-0.04212543084340514
-0.08521545459956725
-0.6581938753640745
0.7323963812457995
-0.03785377430110459
-0.8005393492678529
0.3865606785143822
-0.06112311799835013
1026
4863
13
2
296
1
1026
5119
19
2
16
296
262153
3
321
262153
3
389
262153
3
338
262153
3
392
262153
3
202
262153
2
74
262153
3
143
262153
3
224
262153
3
319
262153
3
432
262153
2
16
262153
2
67
262153
3
437
262153
1
1
262153
3
169
262153
3
199
262153
3
167
262153
3
173
262153
2
77
262153
3
406
262153
3
193
262153
3
139
262153
3
409
262153
3
299
262153
3
272
262153
3
164
262153
3
293
262153
3
228
262153
2
95
262153
3
441
262153
3
330
262153
1
3
262153
2
78
262153
3
281
262153
3
153
262153
3
149
262153
3
356
262153
3
369
262153
3
252
262153
2
55
262153
3
317
262153
3
174
262153
3
374
262153
3
311
262153
3
105
262153
3
129
262153
2
25
262153
2
18
262153
2
22
262153
3
248
262153
3
381
262153
3
326
262153
3
124
262153
2
84
262153
3
287
262153
3
195
262153
3
284
262153
2
32
262153
3
431
262153
2
92
262153
3
305
262153
3
100
262153
3
378
262153
3
290
262153
3
403
262153
3
442
262153
3
360
262153
2
57
262153
3
227
262153
3
423
262153
3
259
262153
3
190
262153
3
140
262153
3
125
262153
3
398
262153
3
230
262153
3
355
262153
3
242
262153
3
188
262153
3
426
262153
3
318
262153
3
367
262153
1
4
262153
1
7
262153
2
53
262153
3
110
262153
3
297
262153
3
180
262153
3
391
262153
3
397
262153
3
415
262153
3
357
262153
2
28
262153
3
212
262153
3
251
262153
3
358
262153
3
407
262153
3
261
262153
2
34
262153
3
138
262153
3
102
262153
3
213
262153
3
335
262153
3
352
262153
3
178
262153
3
307
262153
3
217
262153
3
419
262153
2
85
262153
2
73
262153
3
205
262153
3
400
262153
3
349
262153
3
127
262153
3
264
262153
3
422
262153
3
324
262153
3
425
262153
3
363
262153
3
401
262153
3
182
262153
3
429
262153
2
29
262153
3
221
262153
3
418
262153
3
257
262153
3
302
262153
2
60
262153
2
89
262153
3
245
262153
2
11
262153
3
211
262153
3
255
262153
3
207
262153
3
294
262153
3
421
262153
3
216
262153
3
383
262153
2
30
262153
3
396
262153
3
160
262153
3
314
262153
2
66
262153
3
191
262153
2
45
262153
3
288
262153
3
359
262153
3
148
262153
3
274
262153
3
111
262153
3
244
262153
3
165
262153
3
234
262153
3
103
262153
2
61
262153
3
445
262153
3
198
262153
3
372
262153
3
243
262153
3
428
262153
3
342
262153
3
387
262153
3
241
262153
3
370
262153
3
107
262153
3
346
262153
3
278
262153
2
49
262153
3
232
262153
3
379
262153
3
267
262153
2
52
262153
3
343
262153
3
380
262153
3
292
262153
3
203
262153
3
395
262153
3
247
262153
3
344
262153
3
322
262153
3
301
262153
3
109
262153
3
408
262153
2
68
262153
3
254
262153
3
285
262153
2
91
262153
3
354
262153
2
42
262153
2
41
262153
3
328
262153
3
226
262153
3
413
262153
2
79
262153
3
306
262153
1
2
262153
2
69
262153
3
289
262153
3
291
262153
3
113
262153
3
145
262153
3
218
262153
2
31
262153
3
300
262153
3
385
262153
3
184
262153
2
23
262153
2
17
262153
3
132
262153
3
154
262153
2
70
262153
3
163
262153
2
88
262153
3
268
262153
3
295
262153
3
384
262153
2
75
262153
3
122
262153
3
439
262153
2
39
262153
3
399
262153
3
225
262153
2
21
262153
3
119
262153
3
430
262153
3
157
262153
3
266
262153
2
96
262153
3
345
262153
3
130
262153
3
303
262153
3
123
262153
3
271
262153
3
298
262153
3
156
262153
3
331
262153
3
206
262153
3
433
262153
2
98
262153
3
333
262153
3
313
262153
3
273
262153
3
185
262153
3
159
262153
3
126
262153
3
136
262153
3
187
262153
3
106
262153
3
434
262153
3
155
262153
3
438
262153
3
219
262153
3
362
262153
2
50
262153
3
168
262153
3
161
262153
3
327
262153
2
35
262153
3
376
262153
3
405
262153
3
176
262153
3
152
262153
3
410
262153
3
329
262153
3
332
262153
2
15
262153
3
194
262153
3
142
262153
3
177
262153
3
382
262153
2
26
262153
2
56
262153
2
27
262153
3
172
262153
3
128
262153
3
197
262153
2
94
262153
1
5
262153
3
308
262153
3
377
262153
3
223
262153
3
309
262153
3
435
262153
3
189
262153
3
265
262153
3
215
262153
3
315
262153
3
201
262153
2
80
262153
2
81
262153
3
276
262153
3
334
262153
2
10
262153
3
263
262153
3
270
262153
2
43
254
254
6
5375
1026
767
5631
1026
5887
5887
5122
6143
6143
5122
6399
10
1
0
5122
6655
6655
5122
6911
7167
254
774
1026
7423
6
7679
2
1791
2
7935
2
8191
2
8447
2
8703
2
8959
2
9215
2
9471
254
1026
9727
525
56
0
1
0
0
0
0
0
0
0
0
1
0
0
0
0
0
0
0
0
1
0
0
0
0
0
0
0
0
1
0
0
0
0
0
0
0
0
1
0
0
0
0
0
0
0
0
1
0
0
0
0
0
0
0
0
1
1026
4863
13
2
8
7
1026
5119
19
2
16
8
262153
5
value
262153
5
band1
262153
5
band2
262153
5
band3
262153
5
band4
262153
5
band5
262153
5
band6
262153
5
band7
16
7
262153
5
band1
262153
5
band2
262153
5
band3
262153
5
band4
262153
5
band5
262153
5
band6
262153
5
band7
254
1026
9983
16
7
262153
5
band1
262153
5
band2
262153
5
band3
262153
5
band4
262153
5
band5
262153
5
band6
262153
5
band7
1026
10239
13
7
1
1
1
1
1
1
1
1026
10495
13
1
1
1026
10751
13
1
1
1026
1023
16
2
262153
5
terms
262153
7
formula
1026
1279
253
1026
11007
6
7679
2
1791
2
7935
2
8191
2
8447
2
8703
2
8959
2
9215
2
9471
254
1026
11263
528
8
262153
7
numeric
262153
7
numeric
262153
7
numeric
262153
7
numeric
262153
7
numeric
262153
7
numeric
262153
7
numeric
262153
7
numeric
1026
3071
16
8
262153
5
value
262153
5
band1
262153
5
band2
262153
5
band3
262153
5
band4
262153
5
band5
262153
5
band6
262153
5
band7
254
254
1535
2
1791
2
6
11519
2
6
11519
2
6
11519
2
6
11519
2
6
11519
2
6
11519
2
7935
2
8191
254
2
8447
254
2
8703
254
2
8959
254
2
9215
254
2
9471
254
254
16
7
262153
5
band1
262153
5
band2
262153
5
band3
262153
5
band4
262153
5
band5
262153
5
band6
262153
5
band7
531
0
1026
3071
16
0
254
1026
3071
16
18
262153
1
n
262153
6
nunits
262153
5
nconn
262153
4
conn
262153
7
nsunits
262153
5
decay
262153
7
entropy
262153
7
softmax
262153
8
censored
262153
5
value
262153
3
wts
262153
11
convergence
262153
13
fitted.values
262153
9
residuals
262153
4
call
262153
5
terms
262153
9
coefnames
262153
7
xlevels
1026
1023
16
2
262153
12
nnet.formula
262153
4
nnet
254
787
18
14
3
7
4
1
13
1
13
14
14
0
0
0
0
0
0
0
0
0
8
16
24
32
37
14
37
0
1
2
3
4
5
6
7
0
1
2
3
4
5
6
7
0
1
2
3
4
5
6
7
0
1
2
3
4
5
6
7
0
8
9
10
11
14
1
12
14
1
0
10
1
0
10
1
0
10
1
0
14
1
16.11067713577721
14
37
-16.67656340980587
-5.0568696372451
-4.276275587295424
-6.342388496611068
-5.034339416055308
-3.540639647486857
23.3786041911623
-6.116407271157811
1.790645044120969
-41.91420454152293
2.042012143974192
23.11684443184825
19.34783124798104
-7.882554946887701
13.53746925104457
-5.967925630766802
2.81836287588481
-38.74312681150786
-2.022668008944914
-12.93108676145687
53.2960427983489
-3.860655808784543
3.19025509154374
-0.4155231497144459
-1.374475799035106
17.30054172030264
-8.084968914101559
-12.78276032144744
-9.220818437894897
10.178490823072
-5.808102605444282
7.204344758257186
1.234516649119984
0.5566414872389125
-0.7375815031733762
-1.368165587473819
0.6818740393605904
13
1
1
526
296
1.283511272381396
-0.6889822816303348
0.9579798178578566
0.9894889636011474
-0.8485926249831462
-0.8500758445887004
-0.8324663900487136
1.055710881018338
1.190927121772041
1.084407900940564
-0.7520797003442297
-0.7861375397796961
1.107392811109915
-0.4372472313773976
-0.851960747647698
-0.8547905720767773
-0.8481920843171582
-0.8249712128050016
-0.636644373533272
1.291716409606572
-0.4534406948477121
-0.8106698709154383
-0.3499409063003581
-0.8318975293083047
1.71571762085105
-0.5242747079111432
1.305040549714584
-0.166586065703807
-0.7445100504865231
0.969169464006287
0.6784176517693097
-0.3239309860557127
-0.4287819244874596
-0.6140128775013038
-0.8487632352221574
-0.4117555636413173
0.8636415288365161
1.608035086497325
-0.8358311824153134
-0.818194520843234
-0.7687235389165445
-0.8374390476555686
1.106387719013773
1.008173979151914
-0.8537042957794456
-0.3010344652612358
-0.8600616893867881
-0.8515197984642261
-0.7810453594259834
1.636329791249141
1.4602450288363
0.7411294829661176
-0.7935866305065447
-0.8434223509270705
1.466801615093096
0.7030822748811825
-0.7953138610758296
-0.7904960621172232
1.270604654010119
-0.8394411263932373
1.406496200520676
-0.1438094672745996
0.6332190549843429
1.784595693546
1.27420323565745
1.145095212271039
1.470441020640471
-0.8153184074866273
-0.2143963198314096
1.267827641777627
-0.8447738860871737
-0.8322247848348246
-0.7658410896834175
-0.7857937654732847
-0.5142784249924766
-0.8576545946687102
1.113186992861428
-0.8385239183808118
-0.8442070325725869
1.131635540756222
1.098414095235829
0.03178686043209461
-0.7906262658094856
-0.7450622958372746
-0.8577475693373841
-0.8562052123498015
0.6959556516350578
0.684226886571184
0.1124597343297674
1.011253040939539
1.29815121651493
1.214602466795982
-0.734517418656218
-0.6090355507012
-0.660568429814182
1.172662784867338
1.381666797723438
1.818580506011769
-0.8545326268095466
-0.8388523049028114
-0.8472600157397326
-0.8534665124374534
1.165089425082094
-0.5226904773995714
-0.8333425778299132
1.913524179837539
-0.847592344176346
1.378254029188555
-0.8184802910918197
-0.765543255229495
-0.8426812254257654
1.11058053834418
-0.2601687857412314
-0.7551239451291867
0.09446056492746224
1.320908173876365
1.176451811420141
1.123652358476183
1.73626216019063
1.040027966584011
-0.6361886654250994
1.01705482014915
-0.7081992421265686
-0.8556778365848905
1.370234822732109
-0.847984440518839
-0.8086641216478424
-0.8373276373437201
-0.8605767756478631
-0.8603809774856729
-0.8595438723916925
-0.1565841387793741
-0.8407695877771652
1.888195697512624
1.059717674668403
1.100758031196039
-0.8422477530653328
1.238441021124729
-0.8180234341397459
1.050118274209099
-0.848095282653874
-0.2760848823134836
-0.7762740959867118
-0.8247528204968666
-0.6222247710123449
1.578323991861872
1.007491700973474
-0.7600102875276153
1.097039752986073
-0.752580109866235
-0.8570180507150752
-0.4872567878729122
-0.8366932549330404
-0.852187032252212
-0.84074423044859
1.185785296319527
-0.8606773687093411
1.378822501309971
-0.8604948626538552
1.326003970826803
1.12438193930405
1.317095076682147
-0.7958314087776927
1.502364800196907
-0.8583523229325877
1.13015944659539
-0.2846033533493568
-0.7997132835912002
-0.8583636105854138
0.3190231965246749
-0.8207686032918894
-0.7793150296136498
0.9306379844784493
1.621599416597114
1.703607234771323
-0.8308507274569412
1.552633859495797
1.296583712522807
0.8802694438735962
0.8972777290904613
-0.8050625347403874
-0.8567645061552733
1.103206866227086
-0.8523706495633454
-0.8277023543368546
-0.8448269128893885
-0.8651320832981141
1.168636627447834
-0.794044345153091
-0.784294028006663
1.109294378400342
0.2356032802717857
1.018811693690086
-0.8642974449556843
1.67476658239193
-0.6451009489320648
-0.7734313790023568
1.846875658132464
1.720815287959124
-0.8080074112608681
-0.8082193616794131
-0.8430139836035869
-0.7572845946167526
-0.539046666852544
1.144245976268107
-0.8568709864651466
-0.7851924297201817
-0.8248453781476763
-0.7125269538002941
-0.8592464379180176
-0.8395526202883192
-0.5757668002485188
-0.7108488397474623
-0.8529704751752401
1.375182477328282
1.241378479528303
-0.8554940505971198
-0.8510151939628435
0.9992044832776528
-0.7416575230905686
0.9101517967116716
0.3701581113276009
-0.816906896407338
-0.8596242565892247
1.345367601302961
-0.7763757971225941
-0.8340400741134857
-0.7888111266855685
0.9619012856642618
-0.6554938461935376
0.967543410605212
-0.852524945993105
1.551198335037533
-0.6081867158523705
-0.7283510106881084
0.03442239949270187
-0.7682442879044881
1.035309188513536
-0.7868808080063109
0.05453396111721026
0.2924161489416824
1.464825485729816
-0.8558438142329126
-0.8467922793900462
-0.7949569822613769
-0.8579216380268689
-0.857958235940555
-0.860988573640854
1.434795065724573
-0.8505715754479202
1.224507092467757
-0.8307969702116638
1.237095699862265
-0.7718396929187837
-0.8204951154400835
-0.8437204164388798
0.6298561791328866
-0.8647099337597449
1.10338456530457
1.388998680124349
-0.820458974481076
-0.744892274891594
-0.5965993443388196
1.122099124029029
0.01351779345149444
-0.8193527765644907
1.792727976958821
-0.8477171305143605
-0.8390996900273907
1.429798409166457
-0.2257344157219497
-0.7639412380372151
-0.57463380297499
-0.7970273730209001
-0.6166924372201222
-0.8545135338545798
-0.8592733213214278
-0.8473280163717753
1.878414995637403
-0.7001152032308647
1.860880804121029
1.652925203243441
0.8059842561457048
-0.838212456302056
-0.6349399564268177
-0.8544605331693548
-0.6383985876457112
-0.8568140380212635
-0.8640358656966796
-0.8338614821322469
0.632816768213972
-0.3242619321696502
-0.5978076563275332
0.6862685628286765
1.407635808993483
-0.8292389547826466
1026
4863
13
2
296
1
1026
5119
19
2
16
296
262153
3
321
262153
3
389
262153
3
338
262153
3
392
262153
3
202
262153
2
74
262153
3
143
262153
3
224
262153
3
319
262153
3
432
262153
2
16
262153
2
67
262153
3
437
262153
1
1
262153
3
169
262153
3
199
262153
3
167
262153
3
173
262153
2
77
262153
3
406
262153
3
193
262153
3
139
262153
3
409
262153
3
299
262153
3
272
262153
3
164
262153
3
293
262153
3
228
262153
2
95
262153
3
441
262153
3
330
262153
1
3
262153
2
78
262153
3
281
262153
3
153
262153
3
149
262153
3
356
262153
3
369
262153
3
252
262153
2
55
262153
3
317
262153
3
174
262153
3
374
262153
3
311
262153
3
105
262153
3
129
262153
2
25
262153
2
18
262153
2
22
262153
3
248
262153
3
381
262153
3
326
262153
3
124
262153
2
84
262153
3
287
262153
3
195
262153
3
284
262153
2
32
262153
3
431
262153
2
92
262153
3
305
262153
3
100
262153
3
378
262153
3
290
262153
3
403
262153
3
442
262153
3
360
262153
2
57
262153
3
227
262153
3
423
262153
3
259
262153
3
190
262153
3
140
262153
3
125
262153
3
398
262153
3
230
262153
3
355
262153
3
242
262153
3
188
262153
3
426
262153
3
318
262153
3
367
262153
1
4
262153
1
7
262153
2
53
262153
3
110
262153
3
297
262153
3
180
262153
3
391
262153
3
397
262153
3
415
262153
3
357
262153
2
28
262153
3
212
262153
3
251
262153
3
358
262153
3
407
262153
3
261
262153
2
34
262153
3
138
262153
3
102
262153
3
213
262153
3
335
262153
3
352
262153
3
178
262153
3
307
262153
3
217
262153
3
419
262153
2
85
262153
2
73
262153
3
205
262153
3
400
262153
3
349
262153
3
127
262153
3
264
262153
3
422
262153
3
324
262153
3
425
262153
3
363
262153
3
401
262153
3
182
262153
3
429
262153
2
29
262153
3
221
262153
3
418
262153
3
257
262153
3
302
262153
2
60
262153
2
89
262153
3
245
262153
2
11
262153
3
211
262153
3
255
262153
3
207
262153
3
294
262153
3
421
262153
3
216
262153
3
383
262153
2
30
262153
3
396
262153
3
160
262153
3
314
262153
2
66
262153
3
191
262153
2
45
262153
3
288
262153
3
359
262153
3
148
262153
3
274
262153
3
111
262153
3
244
262153
3
165
262153
3
234
262153
3
103
262153
2
61
262153
3
445
262153
3
198
262153
3
372
262153
3
243
262153
3
428
262153
3
342
262153
3
387
262153
3
241
262153
3
370
262153
3
107
262153
3
346
262153
3
278
262153
2
49
262153
3
232
262153
3
379
262153
3
267
262153
2
52
262153
3
343
262153
3
380
262153
3
292
262153
3
203
262153
3
395
262153
3
247
262153
3
344
262153
3
322
262153
3
301
262153
3
109
262153
3
408
262153
2
68
262153
3
254
262153
3
285
262153
2
91
262153
3
354
262153
2
42
262153
2
41
262153
3
328
262153
3
226
262153
3
413
262153
2
79
262153
3
306
262153
1
2
262153
2
69
262153
3
289
262153
3
291
262153
3
113
262153
3
145
262153
3
218
262153
2
31
262153
3
300
262153
3
385
262153
3
184
262153
2
23
262153
2
17
262153
3
132
262153
3
154
262153
2
70
262153
3
163
262153
2
88
262153
3
268
262153
3
295
262153
3
384
262153
2
75
262153
3
122
262153
3
439
262153
2
39
262153
3
399
262153
3
225
262153
2
21
262153
3
119
262153
3
430
262153
3
157
262153
3
266
262153
2
96
262153
3
345
262153
3
130
262153
3
303
262153
3
123
262153
3
271
262153
3
298
262153
3
156
262153
3
331
262153
3
206
262153
3
433
262153
2
98
262153
3
333
262153
3
313
262153
3
273
262153
3
185
262153
3
159
262153
3
126
262153
3
136
262153
3
187
262153
3
106
262153
3
434
262153
3
155
262153
3
438
262153
3
219
262153
3
362
262153
2
50
262153
3
168
262153
3
161
262153
3
327
262153
2
35
262153
3
376
262153
3
405
262153
3
176
262153
3
152
262153
3
410
262153
3
329
262153
3
332
262153
2
15
262153
3
194
262153
3
142
262153
3
177
262153
3
382
262153
2
26
262153
2
56
262153
2
27
262153
3
172
262153
3
128
262153
3
197
262153
2
94
262153
1
5
262153
3
308
262153
3
377
262153
3
223
262153
3
309
262153
3
435
262153
3
189
262153
3
265
262153
3
215
262153
3
315
262153
3
201
262153
2
80
262153
2
81
262153
3
276
262153
3
334
262153
2
10
262153
3
263
262153
3
270
262153
2
43
254
254
526
296
-0.09057123531357458
-0.3043785791608028
0.3255840906238084
0.6339144626824286
0.002495555239502956
0.06628268644207547
0.1166411354624701
-0.1572984260455057
-0.1282588998616183
0.2954438709183083
-0.0883533774360471
0.06464829323008781
0.3007789205657836
0.02727754281287403
0.03984762968424715
-0.05361040926388261
0.2399826770348534
0.1148099501821229
-0.06785289712624187
-0.03647246094173306
0.162414837513857
0.111836592219291
-0.4848281795165538
0.3029840095131128
-0.01868229904372809
0.1086410273832548
0.08047521410765368
-0.3283435023111941
-0.1978748826343276
0.5522821069367149
0.04441105233920239
-0.3295903569335142
-0.07747562745427305
-0.2547401600957988
-0.1389336336056154
-0.1681338838241616
0.1933627011105418
0.2872399540277788
-0.418073308690622
-0.03923053282713906
0.1718421155609694
0.1499337528861511
0.3584239322955773
0.1847660579159065
-0.1509845489384216
0.1176244552313194
-0.04267529999050701
0.07905462424433074
0.02557216109618432
-0.250814027426904
0.02155859836314611
0.02134716488595012
0.03811343217674557
0.02564524100025312
0.009338020142984016
-0.05954945825978319
-0.1130871202648304
-0.004625079956133149
-0.0380166731987408
0.02732800842978644
-0.1965641875627591
-0.3681120766304978
-0.5334294668460005
-0.1158803315555035
0.1509604719083446
0.2970604711848503
0.02835458244907008
0.03152524934000234
0.1216101812153357
0.2479599372020098
0.1006286716841044
0.1503834820287718
0.08966377884072951
-0.02631935249016615
-0.5074023956154869
-0.2036741696828088
-0.3563743369727249
-0.279444765604359
0.139709761913073
0.21423227932246
-0.3699213991639521
-0.1245729990481685
-0.02148685215396529
0.1085329287381439
-0.06764538789337038
0.08374003812990616
0.1231609158506617
-0.3918615716784251
0.1176016689659732
-0.2034644573805496
-0.5073546088460369
0.08028942561241226
-0.02095577967358109
0.1027779987594674
-0.225176583673017
-0.1949544424073925
0.4003284035343615
-0.2688089752519416
-0.05386835453111338
0.09470709049974202
-0.1970767727216919
-0.1285663644269528
-0.4139407611567565
0.3109605075528291
0.03822143575655679
-0.1088730107262781
0.0807911619198155
0.1771814935346374
-0.02195278668845702
0.112021912240268
0.1551759306563478
-0.05924030036048844
-0.2574167501272309
-0.1476130442481084
-0.5440781972355431
-0.4055037430134365
0.4412876229000688
0.00698376699462111
-0.3677383722584873
0.01697626336304725
0.6170344223327735
0.2381891285156894
-0.02461798834977114
0.213484477522395
-0.2452626892246692
0.007551362738562273
0.1947907224021728
0.3877100050356393
-0.2403999324472132
0.1332277389726997
0.1720385776222749
0.7434770357671217
-0.04497542571003377
0.09770321442632168
0.1841982900697052
-0.2646494878202228
-0.0548252443485957
0.2093786542945253
0.07954221170004128
0.01254994770132378
0.1549259959210916
-0.08290887858075302
-0.1038069255371222
0.1315835337640842
0.2179190744111861
0.09605536209198928
-0.1543911817075641
0.03285704901464215
0.4187478259935644
-0.06519700006058238
0.05623291667835395
0.2755268180261699
0.2171558637240042
-0.2261337079894032
0.1815588954959984
0.3413302665868398
-0.09303554833823924
0.1652850374864916
-0.002594182979882564
-0.4502474837074313
-0.4638571467925546
0.1873645183707586
-0.2315134037936356
-0.09419306852120868
-0.01606470662788151
-0.5545945335343726
0.4750168129015419
-0.1879835852365725
0.1651943238526313
-0.5704011101149744
-0.1159523378655964
0.074817758954136
-0.1455053687729205
0.0244599775399208
0.1010439343399381
0.09803349698060149
-0.08782220818644659
0.2531878182370209
-0.18576069958191
0.8563975123505126
0.1458771997877957
0.135275259605665
0.2596529297416903
0.01760156374643351
-0.2336264100146644
-0.04091810059781043
-0.1169007935662921
-0.1852642930245236
-0.0180687728103599
-0.005163122103328477
-0.1259220439770323
0.07941800247443265
-0.2223510940578273
-0.163047367615644
0.4017562009608597
-0.05373232976408249
-0.01036177914426817
-0.008240537241012369
0.3273875355768399
-0.05508163437286973
0.04141817942288262
0.1158607450906137
-0.04916453138333343
-0.01818681275947387
0.2072858357739393
-0.1874658019962779
-0.004264720389809851
-0.06089963533952258
-0.16755406772354
-0.1454424067998497
0.05009547017832772
-0.06076256685061188
-0.1239202460694496
-0.03277453831195887
-0.006658689396139339
-0.1900382415446118
-0.07556289859700116
0.1805018750835221
0.318343376984203
-0.04779962701942286
0.469699975147201
0.2167347856601466
0.1067456337844593
-0.09408866045835562
-0.2883633713559028
0.06621453449971537
0.08989485971041633
-0.03462997520461375
-0.2900485092260366
0.1662282701419012
0.24805259431607
0.1083797315900357
0.2307968662202664
0.1868890433611156
-0.004466219788231363
-0.1838484577424276
0.1260509288419925
0.259582703894859
-0.1611681170779047
0.1358794984349748
0.4020925953500037
0.08494604503001213
0.03240271234273029
0.1422950087305324
-0.03981210355553499
-0.06747131920388549
0.05717310190383373
-0.1153803112601874
-0.3777908357775148
0.1347463208616767
0.03640084816044697
0.1093077236620554
-0.163099494025112
-0.1592172562753372
-0.01427397037682843
0.1109031859625401
0.2289083320963902
0.07525278364975341
-0.09735626302779909
0.2683886979394172
0.1272896877482935
-0.06722084307185683
-0.1985217977345368
-0.1783747333492741
-0.1119679240309332
0.01856764252776943
-0.7527157229018588
0.1262278839647522
0.1685863711480693
-0.2708423238788265
-0.5070828147543901
-0.04817187992623573
-0.1525194355379832
0.08686611039802139
-0.05382088165919918
-0.1445113188999226
0.09813613102826213
0.06919885018851524
-0.005795922965760703
-0.09500593884249164
0.2609539149386817
-0.1371376242638038
0.3019959014716386
0.162035145459368
-0.5509966311187362
-0.2181962151088955
0.001869220546580563
-0.07424291117285742
-0.06135709153407487
-0.04621953939158718
-0.5556831479290906
0.6506111988425998
-0.1916494937824583
-0.6317909103972561
0.3233834645940297
-0.01685811496099665
1026
4863
13
2
296
1
1026
5119
19
2
16
296
262153
3
321
262153
3
389
262153
3
338
262153
3
392
262153
3
202
262153
2
74
262153
3
143
262153
3
224
262153
3
319
262153
3
432
262153
2
16
262153
2
67
262153
3
437
262153
1
1
262153
3
169
262153
3
199
262153
3
167
262153
3
173
262153
2
77
262153
3
406
262153
3
193
262153
3
139
262153
3
409
262153
3
299
262153
3
272
262153
3
164
262153
3
293
262153
3
228
262153
2
95
262153
3
441
262153
3
330
262153
1
3
262153
2
78
262153
3
281
262153
3
153
262153
3
149
262153
3
356
262153
3
369
262153
3
252
262153
2
55
262153
3
317
262153
3
174
262153
3
374
262153
3
311
262153
3
105
262153
3
129
262153
2
25
262153
2
18
262153
2
22
262153
3
248
262153
3
381
262153
3
326
262153
3
124
262153
2
84
262153
3
287
262153
3
195
262153
3
284
262153
2
32
262153
3
431
262153
2
92
262153
3
305
262153
3
100
262153
3
378
262153
3
290
262153
3
403
262153
3
442
262153
3
360
262153
2
57
262153
3
227
262153
3
423
262153
3
259
262153
3
190
262153
3
140
262153
3
125
262153
3
398
262153
3
230
262153
3
355
262153
3
242
262153
3
188
262153
3
426
262153
3
318
262153
3
367
262153
1
4
262153
1
7
262153
2
53
262153
3
110
262153
3
297
262153
3
180
262153
3
391
262153
3
397
262153
3
415
262153
3
357
262153
2
28
262153
3
212
262153
3
251
262153
3
358
262153
3
407
262153
3
261
262153
2
34
262153
3
138
262153
3
102
262153
3
213
262153
3
335
262153
3
352
262153
3
178
262153
3
307
262153
3
217
262153
3
419
262153
2
85
262153
2
73
262153
3
205
262153
3
400
262153
3
349
262153
3
127
262153
3
264
262153
3
422
262153
3
324
262153
3
425
262153
3
363
262153
3
401
262153
3
182
262153
3
429
262153
2
29
262153
3
221
262153
3
418
262153
3
257
262153
3
302
262153
2
60
262153
2
89
262153
3
245
262153
2
11
262153
3
211
262153
3
255
262153
3
207
262153
3
294
262153
3
421
262153
3
216
262153
3
383
262153
2
30
262153
3
396
262153
3
160
262153
3
314
262153
2
66
262153
3
191
262153
2
45
262153
3
288
262153
3
359
262153
3
148
262153
3
274
262153
3
111
262153
3
244
262153
3
165
262153
3
234
262153
3
103
262153
2
61
262153
3
445
262153
3
198
262153
3
372
262153
3
243
262153
3
428
262153
3
342
262153
3
387
262153
3
241
262153
3
370
262153
3
107
262153
3
346
262153
3
278
262153
2
49
262153
3
232
262153
3
379
262153
3
267
262153
2
52
262153
3
343
262153
3
380
262153
3
292
262153
3
203
262153
3
395
262153
3
247
262153
3
344
262153
3
322
262153
3
301
262153
3
109
262153
3
408
262153
2
68
262153
3
254
262153
3
285
262153
2
91
262153
3
354
262153
2
42
262153
2
41
262153
3
328
262153
3
226
262153
3
413
262153
2
79
262153
3
306
262153
1
2
262153
2
69
262153
3
289
262153
3
291
262153
3
113
262153
3
145
262153
3
218
262153
2
31
262153
3
300
262153
3
385
262153
3
184
262153
2
23
262153
2
17
262153
3
132
262153
3
154
262153
2
70
262153
3
163
262153
2
88
262153
3
268
262153
3
295
262153
3
384
262153
2
75
262153
3
122
262153
3
439
262153
2
39
262153
3
399
262153
3
225
262153
2
21
262153
3
119
262153
3
430
262153
3
157
262153
3
266
262153
2
96
262153
3
345
262153
3
130
262153
3
303
262153
3
123
262153
3
271
262153
3
298
262153
3
156
262153
3
331
262153
3
206
262153
3
433
262153
2
98
262153
3
333
262153
3
313
262153
3
273
262153
3
185
262153
3
159
262153
3
126
262153
3
136
262153
3
187
262153
3
106
262153
3
434
262153
3
155
262153
3
438
262153
3
219
262153
3
362
262153
2
50
262153
3
168
262153
3
161
262153
3
327
262153
2
35
262153
3
376
262153
3
405
262153
3
176
262153
3
152
262153
3
410
262153
3
329
262153
3
332
262153
2
15
262153
3
194
262153
3
142
262153
3
177
262153
3
382
262153
2
26
262153
2
56
262153
2
27
262153
3
172
262153
3
128
262153
3
197
262153
2
94
262153
1
5
262153
3
308
262153
3
377
262153
3
223
262153
3
309
262153
3
435
262153
3
189
262153
3
265
262153
3
215
262153
3
315
262153
3
201
262153
2
80
262153
2
81
262153
3
276
262153
3
334
262153
2
10
262153
3
263
262153
3
270
262153
2
43
254
254
6
5375
1026
767
5631
1026
5887
5887
5122
6143
6143
5122
6399
10
1
0
5122
6655
6655
5122
6911
7167
254
774
1026
7423
6
7679
2
1791
2
7935
2
8191
2
8447
2
8703
2
8959
2
9215
2
9471
254
1026
9727
525
56
0
1
0
0
0
0
0
0
0
0
1
0
0
0
0
0
0
0
0
1
0
0
0
0
0
0
0
0
1
0
0
0
0
0
0
0
0
1
0
0
0
0
0
0
0
0
1
0
0
0
0
0
0
0
0
1
1026
4863
13
2
8
7
1026
5119
19
2
16
8
262153
5
value
262153
5
band1
262153
5
band2
262153
5
band3
262153
5
band4
262153
5
band5
262153
5
band6
262153
5
band7
16
7
262153
5
band1
262153
5
band2
262153
5
band3
262153
5
band4
262153
5
band5
262153
5
band6
262153
5
band7
254
1026
9983
16
7
262153
5
band1
262153
5
band2
262153
5
band3
262153
5
band4
262153
5
band5
262153
5
band6
262153
5
band7
1026
10239
13
7
1
1
1
1
1
1
1
1026
10495
13
1
1
1026
10751
13
1
1
1026
1023
16
2
262153
5
terms
262153
7
formula
1026
1279
253
1026
11007
6
7679
2
1791
2
7935
2
8191
2
8447
2
8703
2
8959
2
9215
2
9471
254
1026
11263
528
8
262153
7
numeric
262153
7
numeric
262153
7
numeric
262153
7
numeric
262153
7
numeric
262153
7
numeric
262153
7
numeric
262153
7
numeric
1026
3071
16
8
262153
5
value
262153
5
band1
262153
5
band2
262153
5
band3
262153
5
band4
262153
5
band5
262153
5
band6
262153
5
band7
254
254
1535
2
1791
2
6
11519
2
6
11519
2
6
11519
2
6
11519
2
6
11519
2
6
11519
2
7935
2
8191
254
2
8447
254
2
8703
254
2
8959
254
2
9215
254
2
9471
254
254
16
7
262153
5
band1
262153
5
band2
262153
5
band3
262153
5
band4
262153
5
band5
262153
5
band6
262153
5
band7
531
0
1026
3071
16
0
254
1026
3071
16
18
262153
1
n
262153
6
nunits
262153
5
nconn
262153
4
conn
262153
7
nsunits
262153
5
decay
262153
7
entropy
262153
7
softmax
262153
8
censored
262153
5
value
262153
3
wts
262153
11
convergence
262153
13
fitted.values
262153
9
residuals
262153
4
call
262153
5
terms
262153
9
coefnames
262153
7
xlevels
1026
1023
16
2
262153
12
nnet.formula
262153
4
nnet
254
14
8
3250.203722605949
4488.084928537843
3354.803688195186
3386.291566571684
4387.550575964604
3205.283425843005
1966.421235651056
0
14
8
418.8213726315298
353.807360581133
449.966679011684
420.4615634986225
292.8111988178677
217.8199216467401
149.2992057440195
0
14
1
210.6381756756757
14
1
17.65539228282846
14
1
3
1026
3071
16
6
262153
3
mlp
262153
2
cx
262153
2
sx
262153
2
cy
262153
2
sy
262153
2
nr
254
1026
1
262153
8
outindex
13
1
8
1026
1
262153
6
levels
16
1
262153
0

1026
1023
528
1
262153
5
model
1026
1
262153
7
package
16
1
262153
6
rminer
254
254
254
